4.976	0.207843
4.986	-0.0783566
4.996	-0.269372
5.006	0.0201589
5.016	0.208713
5.026	-0.0786196
5.036	-0.270401
5.046	0.0206715
5.056	0.209808
5.066	-0.0791378
5.076	-0.272463
5.086	0.0206971
5.096	0.211141
5.106	-0.0808173
5.116	-0.27483
5.126	0.0205665
5.136	0.212925
5.146	-0.0826976
5.156	-0.27645
5.166	0.0213165
5.176	0.214493
5.186	-0.0841531
5.196	-0.278308
5.206	0.0218398
5.216	0.215895
5.226	-0.085129
5.236	-0.280585
5.246	0.0221248
5.256	0.216927
5.266	-0.0863231
5.276	-0.2828
5.286	0.0218092
5.296	0.217368
5.306	-0.0871342
5.316	-0.284466
5.325	0.0216097
5.335	0.218026
5.346	-0.0876722
5.356	-0.285634
5.366	0.0215706
5.375	0.218602
5.386	-0.0878309
5.396	-0.286338
5.406	0.0216832
5.416	0.219073
5.426	-0.0877172
5.436	-0.286536
5.446	0.0216603
5.456	0.219283
5.466	-0.0874798
5.476	-0.28637
5.486	0.0216169
5.496	0.219291
5.506	-0.0871773
5.516	-0.285901
5.526	0.0215012
5.536	0.219046
5.545	-0.0868268
5.556	-0.285146
5.566	0.0213021
5.576	0.218523
5.586	-0.0864761
5.596	-0.284084
5.606	0.0209366
5.616	0.217398
5.626	-0.08634
5.636	-0.282666
5.646	0.0201587
5.656	0.215579
5.666	-0.0863658
5.676	-0.281123
5.686	0.0187929
5.696	0.213109
5.706	-0.0859776
5.716	-0.279195
5.726	0.0176567
5.736	0.211176
5.746	-0.0846924
5.756	-0.277371
5.766	0.0168734
5.776	0.209548
5.786	-0.0834415
5.796	-0.275514
5.806	0.01625
5.816	0.208067
5.826	-0.0822222
5.836	-0.273761
5.846	0.0161271
5.856	0.206972
5.866	-0.0813496
5.876	-0.272452
5.886	0.0157551
5.896	0.205783
5.906	-0.0812384
5.915	-0.270992
5.926	0.0156116
5.936	0.204926
5.946	-0.0809086
5.956	-0.269781
5.966	0.0156043
5.976	0.204372
5.986	-0.0805775
5.995	-0.268899
6.006	0.0157841
6.015	0.204249
6.026	-0.080293
6.035	-0.268338
6.046	0.0161378
6.056	0.204423
6.066	-0.0801064
6.075	-0.268102
6.086	0.0165394
6.096	0.204825
6.105	-0.0800603
6.116	-0.268262
6.126	0.0169347
6.136	0.205409
6.146	-0.0801693
6.156	-0.268897
6.165	0.0171983
6.176	0.206134
6.186	-0.0805864
6.196	-0.270061
6.206	0.0175147
6.216	0.207177
6.226	-0.0810844
6.236	-0.271693
6.246	0.0177008
6.256	0.208258
6.266	-0.0818758
6.276	-0.273431
6.286	0.0177839
6.296	0.209727
6.306	-0.0830589
6.316	-0.274708
6.326	0.0187284
6.336	0.21144
6.346	-0.0841839
6.356	-0.276196
6.365	0.0194559
6.376	0.21297
6.385	-0.0853622
6.396	-0.27775
6.406	0.0200524
6.415	0.21434
6.426	-0.0865436
6.435	-0.279411
6.446	0.0205612
6.456	0.215588
6.465	-0.0872482
6.475	-0.281288
6.486	0.0205211
6.496	0.216165
6.506	-0.0878806
6.516	-0.282856
6.526	0.0203205
6.536	0.216753
6.546	-0.0883124
6.555	-0.283978
6.566	0.0202597
6.576	0.217263
6.585	-0.0886068
6.596	-0.28471
6.606	0.0202015
6.616	0.217565
6.625	-0.0887725
6.636	-0.28507
6.646	0.0200898
6.656	0.217609
6.666	-0.0887698
6.676	-0.285061
6.686	0.0199127
6.696	0.217387
6.706	-0.0886696
6.716	-0.284683
6.726	0.0196185
6.735	0.216832
6.746	-0.0884607
6.756	-0.283968
6.766	0.0192377
6.775	0.215987
6.785	-0.0881671
6.796	-0.282935
6.806	0.0188272
6.816	0.214909
6.825	-0.0878708
6.836	-0.281598
6.845	0.0184553
6.856	0.213505
6.866	-0.087816
6.876	-0.279983
6.885	0.0174682
6.895	0.211713
6.905	-0.0867489
6.916	-0.278345
6.926	0.0167075
6.936	0.210179
6.945	-0.0855667
6.956	-0.276691
6.966	0.0160751
6.975	0.208773
6.986	-0.0843707
6.996	-0.275013
7.006	0.015534
7.016	0.207485
7.025	-0.0831895
7.035	-0.273396
7.045	0.0151868
7.056	0.206473
7.066	-0.0821808
7.076	-0.272036
7.085	0.0151235
7.096	0.205602
7.105	-0.0818839
7.116	-0.270671
7.126	0.0150828
7.136	0.204863
7.146	-0.081601
7.156	-0.269535
7.165	0.0151099
7.175	0.204356
7.186	-0.0813126
7.196	-0.268717
7.206	0.0152035
7.216	0.204099
7.225	-0.0811013
7.235	-0.268243
7.246	0.0153712
7.256	0.204108
7.266	-0.0810075
7.276	-0.268129
7.286	0.0156116
7.296	0.204387
7.306	-0.0810472
7.315	-0.268381
7.325	0.0159141
7.336	0.204926
7.346	-0.0812186
7.356	-0.268998
7.366	0.0162552
7.375	0.205696
7.386	-0.081502
7.396	-0.269985
7.406	0.0165894
7.416	0.206649
7.426	-0.0818395
7.436	-0.271401
7.445	0.0168086
7.456	0.20769
7.466	-0.0823826
7.476	-0.272801
7.486	0.0172309
7.496	0.209193
7.506	-0.0833893
7.516	-0.274028
7.526	0.0180642
7.536	0.210734
7.546	-0.0844017
7.556	-0.275428
7.566	0.0187406
7.576	0.212144
7.585	-0.0854732
7.596	-0.276888
7.605	0.0193064
7.615	0.213421
7.626	-0.0865586
7.636	-0.278374
7.646	0.0197896
7.656	0.21458
7.666	-0.0874584
7.676	-0.279918
7.686	0.0200184
7.696	0.215334
7.706	-0.0879923
7.716	-0.281427
7.725	0.0197792
7.735	0.215845
7.745	-0.0883649
7.755	-0.282554
7.766	0.0196847
7.775	0.216305
7.786	-0.0886291
7.796	-0.283306
7.806	0.0196104
7.816	0.216589
7.826	-0.0887902
7.836	-0.283712
7.846	0.0194913
7.856	0.216635
7.866	-0.0888397
7.876	-0.283778
7.886	0.0193072
7.896	0.216423
7.906	-0.0887714
7.916	-0.283504
7.926	0.0190514
7.936	0.215948
7.945	-0.088598
7.955	-0.282901
7.965	0.0187437
7.976	0.215231
7.985	-0.088347
7.995	-0.28198
8.006	0.0184161
8.016	0.214303
8.026	-0.0881035
8.035	-0.280744
8.045	0.0181492
8.056	0.213027
8.066	-0.0879326
8.076	-0.279302
8.086	0.0172716
8.096	0.211477
8.105	-0.0868866
8.115	-0.277896
8.126	0.0165951
8.136	0.21009
8.146	-0.0858352
8.155	-0.276428
8.166	0.0160058
8.176	0.208792
8.186	-0.0847494
8.196	-0.274924
8.206	0.0155
8.216	0.207599
8.226	-0.0836659
8.236	-0.273455
8.245	0.0150893
8.256	0.206548
8.265	-0.0826341
8.275	-0.272102
8.285	0.0149907
8.295	0.205864
8.305	-0.0821247
8.315	-0.270923
8.325	0.0150073
8.335	0.205214
8.345	-0.0818924
8.355	-0.269822
8.366	0.0150532
8.375	0.204734
8.385	-0.0816579
8.395	-0.26904
8.405	0.0151387
8.416	0.204468
8.426	-0.0814781
8.436	-0.26858
8.446	0.0152811
8.456	0.204438
8.466	-0.081393
8.476	-0.268451
8.486	0.0154861
8.496	0.204655
8.506	-0.0814196
8.516	-0.268659
8.526	0.0157468
8.536	0.205113
8.546	-0.0815574
8.556	-0.269205
8.566	0.0160426
8.576	0.205788
8.586	-0.0817854
8.596	-0.270096
8.606	0.0163305
8.616	0.206639
8.626	-0.0820419
8.636	-0.271357
8.646	0.0165117
8.656	0.207582
8.666	-0.0825129
8.676	-0.272527
8.686	0.0170867
8.696	0.209041
8.706	-0.0834116
8.716	-0.273689
8.726	0.0178164
8.736	0.210424
8.746	-0.0843453
8.756	-0.274998
8.765	0.0184317
8.775	0.211715
8.786	-0.0853388
8.796	-0.276366
8.806	0.0189543
8.815	0.212896
8.825	-0.0863479
8.835	-0.277731
8.845	0.0193933
8.855	0.213959
8.866	-0.0873205
8.876	-0.279076
8.886	0.0197503
8.896	0.214862
8.905	-0.0879227
8.916	-0.280473
8.926	0.0195934
8.935	0.215279
8.945	-0.0882661
8.956	-0.281602
8.966	0.0194466
8.976	0.215677
8.986	-0.0885097
8.995	-0.282376
9.006	0.0193488
9.016	0.215942
9.025	-0.0886635
9.035	-0.282814
9.045	0.0192323
9.056	0.216005
9.066	-0.0887201
9.076	-0.28293
9.086	0.019066
9.096	0.215837
9.105	-0.0886758
9.116	-0.282727
9.126	0.0188449
9.135	0.215433
9.146	-0.0885385
9.155	-0.282211
9.166	0.0185807
9.176	0.214807
9.186	-0.0883384
9.196	-0.281391
9.206	0.0183052
9.215	0.213985
9.226	-0.0881599
9.236	-0.280267
9.245	0.0180518
9.256	0.212788
9.266	-0.0878693
9.276	-0.279018
9.286	0.0172508
9.296	0.211423
9.306	-0.0869468
9.316	-0.277756
9.326	0.0166303
9.335	0.21015
9.345	-0.0859894
9.356	-0.276424
9.365	0.0160826
9.376	0.20895
9.386	-0.0849921
9.395	-0.275048
9.406	0.015609
9.416	0.207839
9.426	-0.0839891
9.436	-0.273693
9.446	0.0152228
9.455	0.206859
9.466	-0.0830273
9.476	-0.272431
9.486	0.014922
9.496	0.20614
9.505	-0.0822565
9.516	-0.271353
9.526	0.0149908
9.536	0.205555
9.546	-0.0820775
9.556	-0.270346
9.566	0.0150653
9.576	0.205115
9.586	-0.0818805
9.596	-0.269565
9.606	0.0151601
9.615	0.204854
9.625	-0.0817219
9.635	-0.269092
9.646	0.0152939
9.656	0.204802
9.666	-0.0816385
9.676	-0.268932
9.686	0.0154768
9.696	0.204972
9.705	-0.0816491
9.716	-0.269088
9.725	0.0157062
9.736	0.205362
9.746	-0.0817543
9.755	-0.269562
9.765	0.0159641
9.775	0.205956
9.786	-0.081933
9.796	-0.270367
9.806	0.01621
9.816	0.206715
9.826	-0.0821238
9.836	-0.27149
9.845	0.0163409
9.855	0.207582
9.865	-0.0825929
9.875	-0.272461
9.885	0.0170151
9.895	0.20896
9.906	-0.0833936
9.916	-0.273539
9.926	0.0176684
9.936	0.210218
9.946	-0.0842509
9.956	-0.274752
9.966	0.0182365
9.976	0.211411
9.986	-0.0851711
9.996	-0.276026
10.006	0.018725
10.016	0.212512
10.026	-0.0861108
10.036	-0.277293
10.046	0.0191243
10.056	0.213487
10.065	-0.0870223
10.076	-0.278549
10.085	0.0194644
10.095	0.214359
10.106	-0.0877903
10.116	-0.279755
10.126	0.0195556
10.136	0.21489
10.146	-0.0881364
10.156	-0.280867
10.165	0.0193492
10.176	0.215215
10.186	-0.0883773
10.196	-0.28167
10.205	0.0192161
10.215	0.215451
10.225	-0.0885274
10.235	-0.282142
10.246	0.019092
10.256	0.215523
10.266	-0.0885907
10.276	-0.282303
10.286	0.0189381
10.296	0.215392
10.306	-0.0885657
10.316	-0.28216
10.326	0.0187423
10.336	0.215048
10.345	-0.0884615
10.356	-0.281721
10.365	0.0185126
10.376	0.214498
10.385	-0.0883088
10.396	-0.280989
10.406	0.0182772
10.415	0.213762
10.426	-0.0881895
10.435	-0.279976
10.445	0.017979
10.456	0.212653
10.466	-0.0877993
10.476	-0.278865
10.486	0.0172873
10.496	0.211435
10.506	-0.0869722
10.515	-0.277718
10.526	0.0167133
10.536	0.21026
10.546	-0.0860943
10.556	-0.276498
10.566	0.0162019
10.576	2.09579
10.586	4.3727
10.596	6.59073
10.606	9.10978
10.616	11.3918
10.625	13.0486
10.636	14.7032
10.646	16.6611
10.656	18.4385
10.666	19.6256
10.676	20.8561
10.686	22.3838
10.696	23.7785
10.706	24.6098
10.716	25.5224
10.726	26.7194
10.736	27.8239
10.745	28.386
10.755	29.0612
10.765	30.0031
10.775	30.8877
10.785	31.246
10.795	31.7449
10.806	32.4892
10.816	33.2066
10.825	33.4116
10.835	33.7804
10.845	34.3707
10.855	34.9616
10.866	35.0506
10.875	35.3244
10.886	35.7939
10.895	36.2891
10.906	36.2905
10.916	36.4958
10.926	36.8697
10.936	37.2928
10.946	37.228
10.956	37.3847
10.965	37.6822
10.976	38.0511
10.986	37.9362
10.995	38.0596
11.006	38.2953
11.015	38.6228
11.026	38.4709
11.035	38.5723
11.046	38.7571
11.056	39.0537
11.066	38.874
11.076	38.9621
11.086	39.1044
11.096	39.3774
11.106	39.1772
11.115	39.2584
11.126	39.3647
11.136	39.6198
11.145	39.4045
11.156	39.4837
11.166	39.559
11.176	39.8007
11.186	39.5743
11.196	39.6552
11.206	39.7033
11.216	39.9349
11.226	39.7006
11.236	39.7859
11.246	39.8096
11.255	40.0338
11.265	39.7937
11.276	39.8855
11.286	39.887
11.296	40.1059
11.306	39.8618
11.315	39.9615
11.326	39.9427
11.336	40.1577
11.346	39.911
11.356	40.0197
11.366	39.9818
11.376	40.1942
11.386	39.9457
11.396	40.0642
11.406	40.0084
11.416	40.2191
11.426	39.9696
11.436	40.0983
11.446	40.0255
11.456	40.2353
11.466	39.9852
11.476	40.1245
11.486	40.0354
11.496	40.2449
11.505	39.9945
11.515	40.1448
11.526	40.0398
11.535	40.2495
11.546	39.9991
11.556	40.1604
11.566	40.0402
11.575	40.2504
11.586	40.0002
11.596	40.1726
11.606	40.0375
11.616	40.2484
11.626	39.9985
11.636	40.1821
11.646	40.0325
11.656	40.2442
11.666	39.9948
11.676	40.1896
11.685	40.0257
11.695	40.2384
11.706	39.9896
11.715	40.1956
11.726	40.0177
11.735	40.2314
11.746	39.9832
11.756	40.2004
11.766	40.0087
11.776	40.2234
11.786	39.9759
11.796	40.2043
11.806	39.999
11.816	40.2146
11.826	39.968
11.836	40.2076
11.846	39.9888
11.856	40.2053
11.865	39.9596
11.876	40.2105
11.886	39.9782
11.896	40.1956
11.906	39.9509
11.916	40.2129
11.926	39.9675
11.936	40.1855
11.946	39.942
11.956	40.2151
11.966	39.9565
11.976	40.1752
11.986	39.9329
11.996	40.2171
12.006	39.9455
12.015	40.1647
12.025	39.9237
12.036	40.219
12.046	39.9345
12.056	40.1541
12.066	39.9145
12.076	40.2207
12.086	39.9234
12.096	40.1434
12.106	39.9052
12.116	40.2224
12.126	39.9123
12.136	40.1327
12.146	39.896
12.156	40.224
12.165	39.9013
12.175	40.122
12.186	39.8868
12.196	40.2254
12.206	39.8903
12.216	40.1114
12.225	39.8777
12.236	40.2269
12.246	39.8793
12.256	40.1008
12.266	39.8686
12.276	40.2282
12.286	39.8684
12.296	40.0904
12.305	39.8596
12.315	40.2294
12.326	39.8575
12.336	40.0801
12.346	39.8506
12.356	40.2304
12.366	39.8467
12.376	40.0699
12.386	39.8417
12.396	40.2314
12.405	39.8359
12.415	40.0598
12.426	39.8328
12.435	40.2322
12.445	39.8251
12.456	40.0499
12.466	39.824
12.476	40.2329
12.486	39.8144
12.495	40.0402
12.506	39.8153
12.516	40.2335
12.525	39.8037
12.536	40.0306
12.546	39.8066
12.556	40.2339
12.566	39.793
12.576	40.0211
12.585	39.7979
12.596	40.2342
12.605	39.7824
12.616	40.0117
12.625	39.7892
12.636	40.2344
12.646	39.7718
12.656	40.0025
12.665	39.7806
12.675	40.2345
12.686	39.7613
12.696	39.9933
12.706	39.772
12.716	40.2346
12.726	39.7508
12.736	39.9841
12.746	39.7635
12.756	40.2345
12.766	39.7405
12.776	39.975
12.785	39.7549
12.796	40.2345
12.806	39.7302
12.816	39.9659
12.826	39.7464
12.836	40.2344
12.846	39.7199
12.856	39.9568
12.865	39.738
12.876	40.2343
12.886	39.7098
12.896	39.9477
12.905	39.7296
12.916	40.2342
12.926	39.6998
12.936	39.9386
12.946	39.7212
12.956	40.2341
12.966	39.6898
12.976	39.9295
12.986	39.7129
12.996	40.234
13.006	39.68
13.016	39.9204
13.026	39.7046
13.036	40.234
13.046	39.6703
13.056	39.9112
13.066	39.6965
13.076	40.234
13.086	39.6607
13.096	39.9021
